1677258783.74512
1677258787.2274575
1677258790.7594664
1677258794.8697436
1677258798.5765274
1677258802.2269824
1677258806.035074
1677258810.3501718
1677258813.7280304
1677258817.3906395
1677258821.527209
1677258827.4196596
1677258831.9108877
1677258835.8119981
1677258839.7724922
1677258844.3180444
1677258847.9841511
1677258858.4849148
1677258861.8871858
1677258865.3811662
1677258868.966905
1677258873.589951
1677258892.3216577
1677258895.9862125
1677258899.5116355
1677258903.9883816
1677258909.7715344
1677258913.8839161
1677258927.3173723
1677258931.3919346
1677258946.5757675
1677258950.6077602
1677258955.1861422
1677258958.8490746
1677258963.13625
1677258967.6483681
1677258971.1309643
1677258975.9808517
1677258980.1639311
1677258984.5799046
1677258988.1155071
1677258991.9731743
1677258995.7892182
1677258999.5220492
1677259002.9724586
1677259006.8701153
1677259010.8180647
1677259018.0710547
1677259021.692798
1677259025.5565562
1677259029.0770643
1677259032.724788
1677259036.4296484
1677259040.2501054
1677259044.153344
1677259049.524914
1677259053.092659
1677259056.6850674
1677259060.238846
1677259063.670906
1677259067.3454628
1677259071.0326364
1677259074.8009355
1677259078.6660912
1677259082.3851652
1677259086.5057182
1677259090.3506324
1677259093.7036703
1677259104.8694043
1677259108.4626818
1677259114.2169726
1677259130.5905325
1677259134.6030886
1677259138.2475035
1677259141.829596
1677259146.1352806
1677259162.6496077
1677259166.0004108
1677259169.7416136
1677259173.8175552
1677259177.4201941
1677259183.6348178
1677259198.753038
1677259203.287931
1677259206.8980784
1677259210.4555025
1677259214.0282784
1677259217.9939303
1677259221.704167
1677259225.3574474
1677259230.61181
1677259234.2249997
1677259238.0203557
1677259242.2039855
1677259246.290678
1677259250.10846
1677259253.6433268
1677259257.2600324
1677259263.3840883
1677259283.0324848
1677259286.7785044
1677259290.7113793
1677259311.3733506
1677259315.1864805
1677259327.071399
1677259330.5948515
1677259334.3679307
1677259338.0122437
1677259341.717702
1677259345.2403045
1677259349.0458965
1677259352.669803
1677259356.1781242
1677259359.929089
1677259363.5645707
1677259367.4049149
1677259370.9562776
1677259374.5539615
1677259378.1209064
1677259389.3303707
1677259392.9229667
1677259396.6482363
1677259402.5795534
1677259406.3541348
1677259410.064487
1677259414.1553497
1677259417.8484821
1677259421.529326
1677259425.5669668
1677259429.2921388
1677259432.8936973
1677259438.1460218
1677259442.272223
1677259445.8543613
1677259449.5049186
1677259452.908646
1677259457.8469987
1677259462.425607
1677259465.7601779
1677259469.2947853
1677259473.1000311
1677259476.815184
1677259480.5369527
1677259484.1137204
1677259495.3596258
1677259500.2803662
1677259503.8073301
1677259513.014821
1677259516.6408648
1677259520.006877
1677259523.4339879
1677259538.721673
1677259542.3413236
1677259546.5768437
1677259550.1301942
1677259556.3870385
1677259563.5053177
1677259567.0244427
1677259571.7692847
1677259575.5002372
1677259582.049291
1677259586.2716444
1677259589.8473155
1677259593.563368
1677259604.493704
1677259608.444653
1677259612.1418974
1677259615.7000494
1677259635.5362778
1677259656.4647355
1677259660.6399333
1677259664.221959
1677259668.552895
1677259672.136875
1677259690.787682
1677259694.532772
1677259698.4485571
1677259702.0402327
1677259705.9231403
1677259709.5684838
1677259712.9763696
1677259717.621088
1677259722.266028
1677259725.8603902
1677259729.408729
1677259733.042936
1677259738.1160371
1677259743.0641162
1677259746.6962261
1677259750.619523
1677259755.0009336
1677259774.3420796
1677259778.0293987
1677259782.1974297
1677259786.0598788
1677259805.7291822
1677259809.358621
1677259813.259605
1677259816.9671586
1677259820.5454566
1677259824.7239149
1677259828.1394448
1677259831.8057563
1677259838.9573553
1677259843.9604445
1677259848.001477
1677259851.77265
1677259855.1752186
1677259859.3077698
1677259862.9744399
1677259867.5776467
1677259871.2433224
1677259878.082251
1677259881.6266048
1677259885.057965
1677259889.5762308
1677259904.3791742
1677259908.5150516
1677259912.40641
1677259915.734193
1677259919.3498046
1677259923.3510027
1677259926.981822
1677259930.7599118
1677259934.3646147
1677259937.9859676
1677259945.5290878
1677259949.6566138
1677259968.2624068
1677259973.7329056
1677259980.8607867
1677259984.5868862
1677259988.1458604
1677259992.0974877
1677259995.6247876
1677259999.0487409
1677260002.9766202
1677260006.4667323
1677260010.0972588
1677260013.5832248
1677260017.1397827
1677260020.8191822
1677260024.8264534
1677260029.38104
1677260032.959182
1677260063.2563267
1677260077.439043
1677260081.190063
1677260084.7801392
1677260088.7563505
1677260092.5549839
1677260097.1889477
1677260100.7756484
1677260104.8378642
1677260108.4842098
1677260112.0944648
1677260115.5463626
1677260126.5933852
1677260132.935769
1677260143.8118794
1677260148.0251856
1677260151.7065132
1677260159.7408786
1677260163.6482775
1677260178.8028858
1677260182.4549158
1677260186.5372574
1677260192.984389
1677260196.9275413
1677260200.5115998
1677260204.1367304
1677260208.0632842
1677260211.7700667
1677260230.7548392
1677260234.7065167
1677260253.9338062
1677260257.863617
1677260261.5356123
1677260265.5828283
1677260269.7942824
1677260273.4823306
1677260277.1389415
1677260280.733816
1677260285.2346714
1677260288.7687948
1677260292.5318947
1677260296.3603916
1677260300.2757304
1677260304.4248984
1677260307.8055925
1677260311.5189338
1677260317.406518
1677260321.2414076
1677260325.8366969
1677260329.905062
1677260333.2925708
1677260336.8381436
1677260341.4791226
1677260345.1484828
1677260349.024294
1677260352.4440553
1677260356.0347621
1677260359.6580865
1677260363.1540484
1677260366.7073677
1677260370.2415247
1677260374.0010192
1677260392.4102714
1677260396.281722
1677260399.8231294
1677260418.3324947
1677260430.821376
1677260434.536798
1677260438.8707116
1677260442.4574628
1677260462.3510056
1677260465.9891958
1677260499.9420295
1677260503.822976
1677260507.4113755
1677260511.3949084
1677260515.32781
1677260519.0155659
1677260522.5534666
1677260526.1622531
1677260533.1533258
1677260537.2285519
1677260540.8195195
1677260544.7488978
1677260549.350351
1677260553.3460894
1677260572.8332014
1677260577.0018568
1677260580.492296
1677260584.1735241
1677260587.927205
1677260591.6232448
1677260600.2799556
1677260603.971307
1677260608.1128845
1677260612.5406523
1677260617.4725235
1677260622.0793104
1677260625.9579885
1677260646.3623424
1677260658.865115
1677260670.7731454
1677260674.9824035
1677260679.6739185
1677260683.3251503
1677260696.3289535
1677260700.337515
1677260704.219084
1677260722.5814397
1677260726.1868536
1677260729.7957487
1677260733.3603053
1677260737.2606983
1677260740.6242435
1677260745.1405175
1677260750.4991887
1677260754.1777709
1677260759.35219
1677260763.1692502
1677260766.8228958
1677260772.3473294
1677260777.5277545
1677260792.319256
1677260796.109609
1677260801.6239998
1677260806.719627
1677260810.4230917
1677260814.5546005
1677260819.1078866
1677260823.5397983
1677260827.2280543
1677260830.7262306
1677260834.3317013
1677260843.616845
1677260847.773421
1677260853.6816268
1677260857.3356838
1677260861.338677
1677260865.1532297
1677260869.0526826
1677260872.8745124
1677260876.6211376
1677260882.208738
1677260885.7609851
1677260905.1473186
1677260911.587837
1677260930.9669714
1677260934.6212685
1677260938.4952915
1677260942.9047992
1677260948.478297
1677260960.961987
1677260965.1232247
1677260969.5211408
1677260975.029353
1677260978.8966177
1677260984.0025756
1677260988.1478937
1677260992.062255
1677261003.816637
1677261007.718624
1677261011.3854554
1677261015.1321454
1677261018.9643168
1677261030.2540054
1677261042.9061809
1677261054.1124246
1677261065.8375452
1677261077.1282995
1677261088.3675728
1677261099.6129227
1677261111.3351052
1677261123.0441024
1677261134.391184
1677261145.7367256
1677261156.9891818
1677261168.3366942
1677261179.5644329
1677261190.8827817
1677261202.2995539
1677261213.5547514
1677261224.8297276
1677261236.215747
1677261247.6600707
1677261258.958349
1677261266.0238857
1677261271.9477828
1677261288.0817964
1677261293.38608
1677261299.0785735
1677261300.326433
1677261301.9372315
1677261328.660699
1677261332.315238
1677261336.127074
1677261348.1294763
1677261362.650751
1677261366.1137135
1677261369.3349292
1677261380.0471344
1677261383.5648324
1677261387.3961403
1677261399.036773
1677261414.7367826
1677261417.8117137
1677261419.8126562
1677261440.1739957
1677261460.7119849
1677261462.2572534
1677261463.9226286
1677261465.3386545
1677261466.0151877
1677261467.6205552
1677261468.688547
1677261479.6617494
1677261485.6545303
1677261490.1732955
1677261509.2255485
1677261513.39366
1677261526.518433
1677261532.6455915
1677261552.7873423
1677261558.1059072
1677261563.699567
1677261568.775603
1677261580.918961
1677261593.884367
1677261606.3861878
1677261611.4643915
1677261631.7823958
1677261637.9551451
1677261643.221508
1677261648.5978622
1677261661.6797407
1677261675.7321775
1677261676.2360232
1677261697.7626739
1677261706.3281708
1677261728.4771528
1677261733.9731712
1677261739.3862922
1677261754.7713706
1677261760.1804903
1677261765.8046997
1677261771.6074374
1677261778.2265546
1677261783.0350811
1677261786.6951532
1677261790.0919514
1677261796.2818122
1677261809.1152074
1677261815.0267704
1677261821.1308544
1677261824.9099355
1677261827.7499015
1677261837.3686953
1677261840.1516078
1677261842.8805823
1677261845.6546507
1677261848.1437426
1677261865.624986
1677261883.094302
1677261885.9300532
1677261895.5894005
1677261897.8406973
1677261900.209776
1677261904.5546381
1677261908.2512267
1677261911.3998013
1677261914.1910431
1677261917.7749157
1677261928.989214
1677261940.0543582
1677261950.991829
1677261971.922027
1677261992.480272
1677261997.5728953
1677262002.5570226
1677262007.508555
1677262012.6020355
1677262017.540235
1677262023.4340165
1677262028.8048303
1677262032.6771984
1677262039.1589925
1677262047.623207
1677262054.9519892
1677262061.4330194
1677262063.1640506
1677262073.6204865
1677262083.6431928
1677262085.7467988
1677262087.2169735
1677262088.6320374
1677262091.2183626
1677262094.5287726
1677262097.9709609
1677262101.8271768
1677262105.1354074
1677262108.2376125
1677262112.0226684
1677262115.579979
1677262119.4673681
1677262123.133902
1677262127.2631078
1677262131.3746407
1677262135.6411998
1677262141.9856887
1677262149.889839
1677262152.4779446
1677262157.956179
1677262161.9796226
1677262165.8367305
1677262169.7515845
1677262172.681434
1677262175.110884
1677262177.5272286
1677262180.151011
1677262182.8999627
1677262185.1206663
1677262189.457465
1677262192.001023
1677262197.3534977
1677262199.4415312
1677262211.768997
1677262215.8293228
1677262223.3296485
1677262227.5472841
1677262230.7533443
1677262235.1690829
1677262239.4675176
1677262254.4113376
1677262264.192937
1677262265.9981558
1677262267.7576866
1677262272.1548254
1677262278.3649244
1677262292.6942785
1677262294.7994146
1677262303.9609542
1677262315.993638
1677262321.157917
1677262322.9341679
1677262324.5350754
1677262333.7798934
1677262336.7685294
1677262347.6166294
1677262350.1340766
1677262367.085306
1677262376.613169
1677262387.9751668
1677262392.1924138
1677262407.9298506
1677262415.0017986
1677262430.4739423
1677262439.5095425
1677262441.41226
1677262443.6800623
1677262446.0191674
1677262448.2990384
1677262461.138017
1677262466.5056174
1677262472.523753
1677262486.4936478
1677262490.187446
1677262494.163245
1677262505.043826
1677262523.458849
1677262530.213384
1677262540.5879257
1677262545.7903123
1677262550.5078447
1677262554.5988574
1677262559.0347464
1677262562.8043647
1677262566.7331371
1677262573.401123
1677262575.3063774
1677262577.5329525
1677262579.1679478
1677262581.5028613
1677262587.6555088
1677262593.1190097
1677262598.8413792
1677262616.5990326
1677262619.2345192
1677262636.6032445
1677262646.5007694
1677262651.140403
1677262658.3942096
1677262664.3377368
1677262668.4020128
1677262671.276421
1677262673.9070084
1677262695.8200254
1677262698.6315455
1677262701.1522818
1677262704.460637
1677262707.1236942
1677262722.4396877
1677262737.838488
1677262740.7085176
1677262743.333425
1677262745.0194407
1677262746.8614912
1677262757.6529791
1677262764.9283967
1677262780.397355
1677262796.5614367
1677262800.6833572
1677262804.1086736
1677262811.9547415
1677262813.7657642
1677262815.2912586
1677262816.5859997
1677262817.8000722
1677262819.0489688
1677262820.315577
1677262821.5633118
1677262822.8155239
1677262824.0828516
1677262825.3365734
1677262826.5709355
1677262827.7969332
1677262829.0823653
1677262830.3139422
1677262831.5667756
1677262832.8212838
1677262834.062696
1677262835.2455087
1677262836.5052385
1677262837.6980011
1677262838.915017
1677262840.1804934
1677262841.4255178
1677262842.6731853
1677262843.8755
1677262845.0905511
1677262846.364095
1677262847.6375198
1677262848.8700676
1677262850.0760345
1677262851.3353426
1677262852.57079
1677262853.804315
1677262855.0094268
1677262856.2328691
1677262857.4899833
1677262858.7072246
1677262859.9715614
1677262861.2513106
1677262862.470562
1677262863.7201388
1677262864.9870744
1677262866.2359495
1677262867.4506655
1677262868.7066216
1677262869.9320738
1677262871.1718023
1677262872.403995
1677262873.6024113
1677262874.8216035
1677262876.0702746
1677262877.3385324
1677262878.589814
1677262879.871302
1677262881.06059
1677262882.291391
1677262883.5341303
1677262884.782386
1677262886.0207262
1677262887.2193174
1677262888.5096757
1677262889.7954133
1677262891.0294852
1677262892.2407322
1677262893.5069509
1677262894.7717533
1677262896.0112221
1677262897.2815168
1677262898.4926522
1677262899.7197723
1677262900.927533
1677262902.1838477
1677262903.447027
1677262904.702067
1677262905.9330747
1677262907.2370143
1677262908.4770045
1677262909.7967284
1677262911.036568
1677262912.2424364
1677262913.5460086
1677262914.8658848
1677262916.0991228
1677262917.3772483
1677262918.6351585
1677262919.8810806
1677262921.2329216
1677262922.446827
1677262923.7403615
1677262925.045877
1677262926.2675574
1677262927.565421
1677262928.7583563
1677262930.023567
1677262931.2788577
1677262932.5308506
1677262933.810499
1677262935.038413
1677262936.280938
1677262937.5035431
1677262938.7007182
1677262939.947637
1677262941.1929314
1677262942.4388816
1677262943.6669934
1677262944.9411256
1677262946.1607823
1677262947.3608444
1677262948.5764241
1677262949.8283763
1677262951.1331704
1677262952.3412821
1677262953.585388
1677262954.8086135
1677262956.0589044
1677262957.308854
1677262958.612467
1677262959.8256269
1677262961.071809
1677262962.3295953
1677262963.609855
1677262964.848851
1677262966.1000128
1677262967.3529131
1677262968.6167693
1677262969.8549545
1677262971.0593235
1677262972.284168
1677262973.5311685
1677262974.8085456
1677262976.016039
1677262977.2877753
1677262978.5464709
1677262979.7667882
1677262980.986916
1677262982.1962838
1677262983.4338965
1677262984.6942446
1677262985.9675765
1677262987.2719622
1677262988.5398977
1677262989.7914531
1677262991.0528648
1677262992.2877994
1677262993.539267
1677262994.807469
1677262996.0366585
1677262997.3217127
1677262998.5435174
1677262999.823845
1677263001.062579
1677263002.2780974
1677263003.55681
1677263004.8065112
1677263005.9957821
1677263007.2416623
1677263008.5007608
1677263009.8061447
1677263011.127026
1677263012.3633716
1677263013.6393018
1677263014.906971
1677263016.121088
1677263017.3535216
1677263018.606117
1677263019.8912764
1677263021.152715
1677263022.4407575
1677263023.7160316
1677263025.0496519
1677263026.2839754
1677263027.5221455
1677263028.78631
1677263029.996435
1677263031.2454126
1677263032.5123904
1677263033.7572658
1677263035.0299563
1677263036.2933898
1677263037.5710077
1677263038.8583868
1677263040.052243
1677263041.2494562
1677263042.5281882
1677263043.751567
1677263045.0057538
1677263046.27315
1677263047.5293508
1677263048.7450323
1677263049.975139
1677263051.195723
1677263052.4610765
1677263053.7759452
1677263054.9993496
1677263056.274344
1677263057.503887
1677263058.7657838
1677263059.9954515
1677263061.2374222
1677263062.5483701
1677263063.7799275
1677263065.0041413
1677263066.2722533
1677263067.503467
1677263068.7250571
1677263070.0053227
1677263071.2386613
1677263072.4574459
1677263073.6969125
1677263074.922997
1677263076.1533523
1677263077.3863523
1677263078.6271012
1677263079.898748
1677263081.1259775
1677263082.4026017
1677263083.6371286
1677263084.9228408
1677263086.2079086
1677263087.392767
1677263088.6466422
1677263089.8589373
1677263091.1615071
1677263092.3785646
1677263093.5845716
1677263094.8644366
1677263096.099798
1677263097.3539288
1677263098.6023595
1677263099.8045719
1677263101.0561411
1677263102.3384776
1677263103.5555754
1677263104.7964087
1677263106.0425622
1677263107.307899
1677263108.559135
1677263109.7888339
1677263111.008806
1677263112.236931
1677263113.5471194
1677263114.7937717
1677263116.0752919
1677263117.3324363
1677263118.5512466
1677263119.7888145
1677263121.0593302
1677263122.3360126
1677263123.5389714
1677263124.7802076
1677263126.0422149
1677263127.2978294
1677263128.5321152
1677263129.7327697
1677263131.0212052
1677263132.2566779
1677263133.4944077
1677263134.7291203
1677263135.992576
1677263137.242603
1677263138.5447876
1677263139.805916
1677263141.0355587
1677263142.3541267
1677263143.59499
1677263144.8628933
1677263146.1040893
1677263147.3651984
1677263148.6568737
1677263149.9122462
1677263151.159782
1677263152.392653
1677263153.6433134
1677263154.8602931
1677263156.1142259
1677263157.3408625
1677263158.5767086
1677263159.7823
1677263161.0456734
1677263162.30099
1677263163.547099
1677263164.8272827
1677263166.0497036
1677263167.2987432
1677263168.6328964
1677263169.9109654
1677263171.146219
1677263172.4315333
1677263173.6215487
1677263174.8971756
1677263176.146222
1677263177.39467
1677263178.632184
1677263179.8819015
1677263181.1230748
1677263182.3715482
1677263183.6333578
1677263184.8783488
1677263186.1095967
1677263187.318792
1677263188.5699859
1677263189.8148446
1677263191.0797331
1677263192.3871772
1677263193.6293612
1677263194.8936722
1677263196.1219492
1677263197.3552167
1677263198.6166463
1677263199.8804064
1677263201.140177
1677263202.4076474
1677263203.6390524
1677263204.8369708
1677263206.112582
1677263207.3660278
1677263208.653687
1677263209.9185097
1677263211.1362162
1677263212.3893495
1677263213.650244
1677263214.9031332
1677263216.1196663
1677263217.3754423
1677263218.6204538
1677263219.8744125
1677263221.1230857
1677263222.337576
1677263223.5637214
1677263224.840473
1677263226.1269033
1677263227.3960354
1677263228.6515305
1677263229.9043622
1677263231.179227
1677263232.413075
1677263233.6749063
1677263234.8862622
1677263236.1181972
1677263237.3961
1677263238.6042273
1677263239.872235
1677263241.1380503
1677263242.3972983
1677263243.6356966
1677263244.849819
1677263246.1022089
1677263247.3670247
1677263248.6303613
1677263249.8471913
1677263251.1408737
1677263252.3909636
1677263253.6161435
1677263254.8665366
1677263256.1100125
1677263257.3209639
1677263258.5559764
1677263259.8297548
1677263261.0795662
1677263262.356927
1677263263.632072
1677263264.9045248
1677263266.1508737
1677263267.420594
1677263268.7058682
1677263269.9760385
1677263271.2621524
1677263272.6058552
1677263273.821612
1677263275.1038597
1677263276.3842754
1677263277.657699
1677263278.9809582
1677263280.272681
1677263281.5605538
1677263282.7949874
1677263284.1044216
1677263285.3953402
1677263286.6199613
1677263287.8586125
1677263289.1229959
1677263290.3843439
1677263291.6249077
1677263292.8929088
1677263294.1885946
1677263295.4777052
1677263296.7611177
1677263298.060898
1677263299.280445
1677263300.5153816
1677263301.7778678
1677263303.0717344
1677263304.3126316
1677263305.554423
1677263306.7805686
1677263307.9881296
1677263309.2222285
1677263310.4572372
1677263311.6963837
1677263312.9421854
1677263314.2486312
1677263315.5
1677263316.7718544
1677263317.9931834
1677263319.2117133
1677263320.5064135
1677263321.7768948
1677263322.9962118
1677263324.2694108
1677263325.516726
1677263326.7905726
1677263328.0270965
1677263329.2694693
1677263330.488881
1677263331.7176876
1677263332.9885342
1677263334.2403636
1677263335.4334242
