1677258880.9087718
1677258884.2831647
1677258887.7239707
1677258891.5874312
1677258895.057781
1677258898.622639
1677258902.2606454
1677258906.45072
1677258909.906024
1677258913.5055993
1677258924.6902568
1677258928.313494
1677258932.0284
1677258935.7185206
1677258939.6522095
1677258943.5985234
1677258947.182303
1677258950.5160954
1677258953.9258225
1677258957.4063697
1677258961.1230416
1677258965.5357642
1677258984.049339
1677258987.7923713
1677258991.372096
1677258995.6289597
1677258999.1456623
1677259002.9038587
1677259020.204463
1677259024.134712
1677259033.1835983
1677259036.6125822
1677259040.7639213
1677259044.2566395
1677259048.497121
1677259052.9487636
1677259056.368559
1677259059.8921962
1677259063.611431
1677259067.698847
1677259071.1984956
1677259074.8253279
1677259078.4679043
1677259081.9924762
1677259085.422529
1677259089.3290012
1677259093.1938303
1677259098.430229
1677259101.9737802
1677259105.7375867
1677259109.1696966
1677259112.6753297
1677259116.4523365
1677259136.0633337
1677259140.0304916
1677259145.297247
1677259148.8183782
1677259152.35853
1677259155.8166118
1677259159.3173556
1677259162.7890596
1677259166.5724237
1677259170.0278137
1677259173.7438064
1677259177.2433107
1677259181.332431
1677259185.2384555
1677259188.6306007
1677259192.6506753
1677259196.1609366
1677259200.0607147
1677259207.099158
1677259211.4617944
1677259215.11811
1677259218.634122
1677259222.5324311
1677259241.3656769
1677259244.762162
1677259248.4119265
1677259252.0545409
1677259255.565627
1677259275.7708445
1677259290.8207135
1677259295.2630632
1677259298.7929242
1677259302.277465
1677259305.7349937
1677259311.5677452
1677259315.3414004
1677259318.9617445
1677259324.0664527
1677259327.5670605
1677259331.2576346
1677259335.3415685
1677259346.0603373
1677259349.7077746
1677259353.1691334
1677259356.650461
1677259367.728488
1677259371.6724787
1677259375.3096669
1677259378.947454
1677259390.3189354
1677259394.2077503
1677259405.374958
1677259408.844362
1677259413.9465244
1677259417.5723517
1677259421.1549551
1677259424.6670377
1677259428.5104804
1677259435.0268004
1677259438.4515412
1677259442.2380002
1677259445.8070786
1677259449.514287
1677259453.2004313
1677259457.0291045
1677259460.62817
1677259471.8571694
1677259475.413975
1677259479.054176
1677259482.914459
1677259486.5832055
1677259490.216575
1677259494.0818167
1677259497.550192
1677259501.0769465
1677259505.0821242
1677259508.721394
1677259512.2452617
1677259516.1769297
1677259519.7185597
1677259523.1626523
1677259526.8788762
1677259537.7298188
1677259564.2908025
1677259568.6265652
1677259572.0583367
1677259575.5228746
1677259579.351182
1677259583.0230327
1677259586.660012
1677259590.186607
1677259606.0287027
1677259611.0738335
1677259614.5415812
1677259629.7710717
1677259633.3204954
1677259636.6644733
1677259640.162287
1677259655.943155
1677259659.480406
1677259663.7277248
1677259667.4018753
1677259670.9307907
1677259675.04635
1677259678.5079257
1677259683.2690573
1677259688.0657623
1677259698.9405942
1677259703.4962885
1677259707.0768054
1677259710.8237941
1677259721.7127333
1677259726.080848
1677259729.835774
1677259733.780919
1677259754.3111339
1677259765.9245622
1677259770.1990283
1677259773.6966736
1677259778.741316
1677259782.3756964
1677259800.8346865
1677259804.2469027
1677259809.0549736
1677259812.67177
1677259831.4130912
1677259834.9485838
1677259838.3988216
1677259843.6085696
1677259850.086568
1677259853.8020627
1677259857.2353704
1677259860.79103
1677259864.4192646
1677259869.5422623
1677259873.0396938
1677259876.7591999
1677259881.223239
1677259900.4476693
1677259904.1266468
1677259908.0040646
1677259911.9654655
1677259931.6159217
1677259935.428709
1677259947.074695
1677259950.5555243
1677259954.0283518
1677259958.0854547
1677259961.4590003
1677259964.9187846
1677259973.520896
1677259978.4991498
1677259982.5411313
1677259986.2102723
1677259989.8192072
1677259993.3210392
1677259996.905923
1677260000.9595783
1677260004.5155954
1677260008.5401874
1677260011.976861
1677260015.5236812
1677260019.9139931
1677260024.5722818
1677260029.0817888
1677260033.1318967
1677260036.483533
1677260040.1935022
1677260044.1820505
1677260047.806342
1677260051.6528018
1677260056.012869
1677260059.45429
1677260062.9824533
1677260067.1657572
1677260085.7573366
1677260089.2715573
1677260108.037568
1677260111.82063
1677260115.6342192
1677260119.5809667
1677260123.116767
1677260126.6078117
1677260130.5120556
1677260133.964239
1677260137.6271799
1677260141.0299275
1677260144.5102491
1677260148.0236735
1677260160.6543314
1677260165.0337641
1677260168.5421162
1677260198.621629
1677260213.4852254
1677260224.1058934
1677260227.6066494
1677260231.4718156
1677260235.030047
1677260239.4766035
1677260243.0001628
1677260250.2733548
1677260253.8873587
1677260257.4336672
1677260261.1632807
1677260266.6833515
1677260271.169046
1677260275.591188
1677260280.1267917
1677260283.6120033
1677260287.3323853
1677260291.1132
1677260315.052783
1677260318.6300673
1677260325.5367782
1677260329.0671346
1677260332.6346009
1677260336.2712266
1677260339.7320895
1677260343.6000035
1677260347.2437868
1677260351.860579
1677260355.9499328
1677260375.136712
1677260378.982672
1677260382.576552
1677260386.5279453
1677260390.480945
1677260393.9964204
1677260397.6713657
1677260401.1927307
1677260405.1805706
1677260408.608569
1677260414.455781
1677260418.3823495
1677260422.2597206
1677260426.3442118
1677260429.7790637
1677260433.4163747
1677260438.3896742
1677260442.1024897
1677260452.7924476
1677260456.8298855
1677260460.1852543
1677260464.019752
1677260468.4832733
1677260472.4110825
1677260476.1422908
1677260479.6339154
1677260483.1106305
1677260486.6604962
1677260490.0911372
1677260505.4610076
1677260508.9734907
1677260512.6127682
1677260558.0407064
1677260561.775428
1677260565.2573395
1677260583.753036
1677260587.8882158
1677260591.3720503
1677260595.6821644
1677260599.3218014
1677260610.6503541
1677260614.2048628
1677260625.5093315
1677260629.0652459
1677260632.9092917
1677260637.0825694
1677260641.1691802
1677260644.747118
1677260648.212838
1677260651.7018292
1677260657.439929
1677260676.3965704
1677260680.0721025
1677260683.980602
1677260688.5433989
1677260692.5999112
1677260700.4627945
1677260704.5888317
1677260708.1331594
1677260711.7705576
1677260715.667354
1677260719.17032
1677260722.9767137
1677260726.7155137
1677260730.3831604
1677260734.7469575
1677260739.6556847
1677260758.3837824
1677260762.162635
1677260773.4723272
1677260787.9781716
1677260791.772863
1677260796.2822506
1677260800.9318428
1677260804.4810004
1677260808.2811623
1677260811.9497008
1677260815.9102638
1677260820.3904345
1677260824.0564642
1677260827.586815
1677260831.0897195
1677260834.7984073
1677260838.1108358
1677260842.511892
1677260847.8570952
1677260851.5834644
1677260868.558481
1677260872.051601
1677260875.7175434
1677260881.1641407
1677260885.904452
1677260892.8400195
1677260896.5495007
1677260902.0297575
1677260906.6881857
1677260910.4717724
1677260914.2349665
1677260924.878227
1677260929.3028023
1677260932.9049067
1677260936.3980896
1677260939.9329972
1677260958.7790375
1677260962.3996966
1677260968.2515097
1677260971.9612749
1677260975.7594695
1677260979.6374278
1677260983.4302711
1677260987.0629869
1677260990.4847589
1677260995.1474683
1677260998.7654202
1677261003.6069791
1677261014.4282134
1677261018.3287778
1677261022.0556335
1677261025.775363
1677261030.2032645
1677261034.530341
1677261038.1402473
1677261042.3813589
1677261046.5176034
1677261051.960303
1677261055.6802876
1677261059.8198888
1677261063.8846157
1677261067.9186013
1677261083.3169532
1677261087.129041
1677261090.4826047
1677261093.9564686
1677261097.646416
1677261109.0231028
1677261121.2587774
1677261132.5615554
1677261143.881582
1677261155.1421497
1677261166.3804271
1677261177.6402552
1677261188.9292688
1677261200.2235148
1677261211.529145
1677261222.8338068
1677261234.0608187
1677261245.3530061
1677261256.5738714
1677261267.8551974
1677261279.2473435
1677261290.5137026
1677261301.8455427
1677261313.2507467
1677261324.8872392
1677261336.1779747
1677261341.8143375
1677261347.3585043
1677261362.6719775
1677261367.8263907
1677261373.2427828
1677261374.843827
1677261376.9089582
1677261380.6975465
1677261384.7108762
1677261400.7443793
1677261411.8322647
1677261415.6183689
1677261419.4472563
1677261432.5551474
1677261451.4127135
1677261455.156492
1677261474.2160325
1677261482.1787624
1677261485.603355
1677261489.3656232
1677261491.6627548
1677261511.7337139
1677261532.2360642
1677261533.836549
1677261535.5259702
1677261536.954013
1677261537.6624458
1677261539.5515664
1677261540.9857085
1677261552.330191
1677261555.288526
1677261570.3970075
1677261573.2160852
1677261576.9863396
1677261585.8071191
1677261594.0785394
1677261604.1519756
1677261609.3508315
1677261615.0268998
1677261622.137009
1677261627.213209
1677261641.2591293
1677261646.7268877
1677261666.968104
1677261672.316581
1677261672.8063984
1677261673.294549
1677261673.783203
1677261679.188498
1677261692.5842724
1677261700.3597615
1677261721.755438
1677261730.4085624
1677261752.719882
1677261758.1197464
1677261763.567019
1677261778.9046466
1677261784.3603468
1677261789.7509174
1677261795.3889577
1677261801.7918253
1677261802.1198065
1677261802.4486268
1677261802.7782369
1677261803.1027977
1677261803.4316556
1677261810.472442
1677261817.311961
1677261828.5899136
1677261839.0323942
1677261841.745575
1677261844.870628
1677261847.979845
1677261866.0211523
1677261868.9585965
1677261871.8558695
1677261889.7887332
1677261900.1080248
1677261902.9279857
1677261906.0667012
1677261909.8880615
1677261913.7093544
1677261917.4182522
1677261919.9523318
1677261922.9721093
1677261926.5344179
1677261938.5864725
1677261949.650001
1677261961.464674
1677261981.516278
1677262001.9646244
1677262007.1059754
1677262012.1308875
1677262017.124945
1677262022.2476332
1677262027.3705723
1677262032.367399
1677262037.4448457
1677262041.0096922
1677262047.0903506
1677262055.2412164
1677262061.760495
1677262068.1071188
1677262071.4321554
1677262081.5311928
1677262091.6565826
1677262093.4859474
1677262095.486427
1677262097.2900105
1677262099.8741918
1677262103.0052142
1677262106.1580167
1677262109.7515204
1677262113.7617784
1677262116.9519207
1677262122.6176994
1677262128.3713768
1677262134.2044032
1677262137.349855
1677262140.8978794
1677262144.3695345
1677262147.810142
1677262155.6315784
1677262178.3296814
1677262181.1345108
1677262186.2944233
1677262190.3725994
1677262194.3651576
1677262198.3653703
1677262200.8182628
1677262203.308575
1677262205.9327
1677262209.0444486
1677262212.06929
1677262214.9784405
1677262220.2424328
1677262223.4301705
1677262229.2928472
1677262232.2922406
1677262235.9747128
1677262239.3249002
1677262245.102326
1677262249.039004
1677262255.120358
1677262265.7716987
1677262271.3339338
1677262274.1749914
1677262288.0374863
1677262290.5277057
1677262292.986663
1677262298.3041434
1677262310.8923016
1677262321.6556554
1677262324.5333092
1677262344.6900983
1677262348.486901
1677262372.8732724
1677262390.6384518
1677262393.0675106
1677262410.6782334
1677262413.4260173
1677262415.9478261
1677262426.5440922
1677262441.8579538
1677262448.2013004
1677262465.8348248
1677262468.984584
1677262474.8794005
1677262485.1782167
1677262488.930327
1677262491.4354706
1677262505.5185008
1677262523.811654
1677262528.8582804
1677262544.174317
1677262546.8510563
1677262552.3398108
1677262574.3328466
1677262589.689873
1677262609.9813738
1677262613.309489
1677262617.0364459
1677262619.5797648
1677262634.8529263
1677262644.5186653
1677262650.4725292
1677262653.4252646
1677262656.5377843
1677262660.1651366
1677262663.0146399
1677262666.0258253
1677262673.5989075
1677262674.823819
1677262676.727776
1677262677.9867897
1677262679.5514762
1677262687.6382957
1677262705.0727599
1677262707.6811256
1677262724.650153
1677262731.8019724
1677262742.3089511
1677262745.1547155
1677262760.9822922
1677262767.6042717
1677262773.3928967
1677262782.6118104
1677262792.8445246
1677262795.534318
1677262798.1773715
1677262800.9448042
1677262815.268356
1677262818.72579
1677262821.5754418
1677262824.5780425
1677262835.6198103
1677262838.4498832
1677262841.1237144
1677262842.2955532
1677262843.4934695
1677262846.1635916
1677262856.6661456
1677262864.192742
1677262879.6640723
1677262883.3066454
1677262886.8576715
1677262897.9249897
1677262899.2198098
1677262900.4507155
1677262901.7353911
1677262902.9564517
1677262904.2346773
1677262905.457664
1677262906.7216334
1677262908.0194097
1677262909.3140466
1677262910.5567589
1677262911.7894826
1677262913.0500631
1677262914.2960527
1677262915.50614
1677262916.758176
1677262918.052352
1677262919.2651558
1677262920.4878423
1677262921.731536
1677262922.9496176
1677262924.2152245
1677262925.501825
1677262926.7359931
1677262927.96366
1677262929.2158835
1677262930.464331
1677262931.7436273
1677262933.0334036
1677262934.2782931
1677262935.5256927
1677262936.7977054
1677262938.0570464
1677262939.3175967
1677262940.5416331
1677262941.7678385
1677262943.029893
1677262944.2557137
1677262945.5183253
1677262946.739034
1677262947.9650009
1677262949.240156
1677262950.490686
1677262951.7468247
1677262953.0107646
1677262954.2340562
1677262955.4530208
1677262956.7273326
1677262957.988996
1677262959.2306466
1677262960.4765809
1677262961.7333846
1677262962.9522521
1677262964.2133753
1677262965.438981
1677262966.666359
1677262967.9668314
1677262969.2477396
1677262970.5214088
1677262971.7867224
1677262973.0179834
1677262974.250766
1677262975.4951987
1677262976.7339497
1677262977.983044
1677262979.2563665
1677262980.5016963
1677262981.7313745
1677262982.993576
1677262984.2320182
1677262985.44935
1677262986.65458
1677262987.8554494
1677262989.1432483
1677262990.4058106
1677262991.6638749
1677262992.907512
1677262994.1674042
1677262995.414633
1677262996.6546462
1677262997.9248812
1677262999.1969035
1677263000.4001603
1677263001.6616294
1677263002.8778777
1677263004.1792984
1677263005.4174945
1677263006.6526845
1677263007.8789725
1677263009.135993
1677263010.417108
1677263011.6148887
1677263012.8421745
1677263014.0838025
1677263015.3298037
1677263016.6002264
1677263017.8398473
1677263019.0952613
1677263020.3131204
1677263021.6384418
1677263022.845035
1677263024.1096542
1677263025.367776
1677263026.5931242
1677263027.8666005
1677263029.0911493
1677263030.304327
1677263031.5729852
1677263032.8239775
1677263034.1037076
1677263035.3443775
1677263036.5641003
1677263037.8128853
1677263039.0294216
1677263040.2475169
1677263041.5092828
1677263042.8203316
1677263044.0638838
1677263045.2990923
1677263046.5588105
1677263047.786943
1677263049.0140738
1677263050.3051531
1677263051.563923
1677263052.823019
1677263054.0962682
1677263055.357524
1677263056.6031904
1677263057.8560138
1677263059.0719173
1677263060.3134687
1677263061.5703518
1677263062.7830603
1677263064.0204456
1677263065.276135
1677263066.493538
1677263067.7083092
1677263068.91278
1677263070.1617916
1677263071.4058373
1677263072.680492
1677263073.9233756
1677263075.2043612
1677263076.4155223
1677263077.6440594
1677263078.8697734
1677263080.1037366
1677263081.3762734
1677263082.6245544
1677263083.9056797
1677263085.1452472
1677263086.392973
1677263087.652969
1677263088.9259596
1677263090.2237523
1677263091.4690547
1677263092.7134914
1677263093.980868
1677263095.229437
1677263096.496061
1677263097.7536511
1677263099.0445902
1677263100.3061974
1677263101.65439
1677263102.8989363
1677263104.1151083
1677263105.372665
1677263106.668369
1677263107.9213176
1677263109.1846802
1677263110.453201
1677263111.6955128
1677263112.956702
1677263114.2134297
1677263115.4332108
1677263116.69873
1677263117.9358847
1677263119.1677206
1677263120.4460974
1677263121.6847074
1677263122.9232748
1677263124.145436
1677263125.4097533
1677263126.6428204
1677263127.9089835
1677263129.1223474
1677263130.378138
1677263131.610753
1677263132.89676
1677263134.1741552
1677263135.3705416
1677263136.6373553
1677263137.9269977
1677263139.1784832
1677263140.439724
1677263141.6861293
1677263142.9557838
1677263144.1939802
1677263145.459275
1677263146.6993752
1677263147.9351642
1677263149.2126474
1677263150.4128518
1677263151.7253864
1677263152.987943
1677263154.243172
1677263155.4409204
1677263156.7042172
1677263157.977173
1677263159.2222972
1677263160.4745362
1677263161.7065973
1677263162.9380872
1677263164.1894686
1677263165.416071
1677263166.684117
1677263167.9881318
1677263169.2282512
1677263170.4700186
1677263171.7159858
1677263173.030298
1677263174.2935834
1677263175.5785046
1677263176.8035398
1677263178.0365
1677263179.292389
1677263180.515627
1677263181.7582421
1677263182.9699476
1677263184.268676
1677263185.5193608
1677263186.8050094
1677263188.0500224
1677263189.3465173
1677263190.5677226
1677263191.8428578
1677263193.1312695
1677263194.396085
1677263195.6179848
1677263196.8207662
1677263198.0682673
1677263199.2925382
1677263200.4919379
1677263201.7018616
1677263202.982928
1677263204.2741983
1677263205.4885318
1677263206.6739333
1677263207.8802686
1677263209.0990589
1677263210.3369884
1677263211.588884
1677263212.812365
1677263214.065651
1677263215.3286197
1677263216.554229
1677263217.7730906
1677263218.976745
1677263220.2294922
1677263221.4861145
1677263222.7415252
1677263223.9894006
1677263225.2830997
1677263226.5147648
1677263227.7322817
1677263229.1392105
1677263230.3648274
1677263231.6109676
1677263232.8608289
1677263234.1382897
1677263235.3995388
1677263236.6612363
1677263237.8642094
1677263239.080326
1677263240.295378
1677263241.5884244
1677263242.8855448
1677263244.153487
1677263245.3816502
1677263246.636725
1677263247.8905013
1677263249.138318
1677263250.4089372
1677263251.7049873
1677263253.0098698
1677263254.2467763
1677263255.4619267
1677263256.7006483
1677263257.934478
1677263259.2641044
1677263260.469161
1677263261.7408924
1677263263.0153952
1677263264.2440302
1677263265.4912426
1677263266.7758224
1677263268.0563111
1677263269.2965949
1677263270.5271688
1677263271.8202248
1677263273.0557652
1677263274.2701304
1677263275.4830945
1677263276.7297008
1677263277.9356728
1677263279.2001994
1677263280.4631321
1677263281.7117584
1677263282.9868543
1677263284.250858
1677263285.530505
1677263286.7843132
1677263288.0565789
1677263289.2991157
1677263290.5192132
1677263291.7818964
1677263293.075223
1677263294.3351197
1677263295.5676284
1677263296.8403826
1677263298.1242287
1677263299.3540876
1677263300.639942
1677263301.8695312
1677263303.1237721
1677263304.3631313
1677263305.5875442
1677263306.8922572
1677263308.2936785
1677263309.534166
1677263310.8052378
1677263312.0550838
1677263313.3043458
1677263314.5762632
1677263315.8259966
1677263317.0532503
1677263318.2903008
1677263319.5327408
1677263320.7779126
1677263322.0035365
1677263323.252779
1677263324.4402146
1677263325.6708353
1677263326.9414876
1677263328.1685266
1677263329.4840357
1677263330.6945865
1677263331.9563534
1677263333.1730485
1677263334.4411435
1677263335.6874557
1677263336.962345
1677263338.2191207
1677263339.4956808
1677263340.7286675
1677263341.958592
1677263343.2056212
1677263344.5056329
1677263345.7927809
1677263347.0423014
1677263348.315213
1677263349.5962608
1677263350.7995691
1677263352.0284288
1677263353.252994
1677263354.4998136
1677263355.7773275
1677263357.04203
1677263358.3486905
1677263359.5590334
1677263360.7730436
1677263362.0409155
1677263363.2756162
1677263364.546857
1677263365.8397884
1677263367.0520308
1677263368.3377671
1677263369.578459
1677263370.878963
1677263372.1575298
1677263373.4032536
1677263374.6608179
1677263375.913398
1677263377.2026603
1677263378.467669
1677263379.69347
1677263380.8969991
1677263382.1365337
1677263383.4130373
1677263384.6665068
1677263385.8797038
1677263387.0786211
1677263388.2958784
1677263389.5435164
1677263390.8069723
1677263392.0389276
1677263393.2811606
1677263394.5311272
1677263395.758216
1677263396.9703183
1677263398.1716144
1677263399.4063625
1677263400.6181507
1677263401.8460913
1677263403.0896232
1677263404.3143272
1677263405.5142965
1677263406.7525914
1677263408.0489457
1677263409.2994912
1677263410.6162975
1677263411.8279083
1677263413.065426
1677263414.3431938
1677263415.6233718
1677263416.8691769
1677263418.1412735
1677263419.3440957
1677263420.6221893
